Conspectus. ’ 113

11 616 11 616
3 2271 6 298

3522715 ,7 296
*- 7521020

4 2273 --“

5 2274 8 2112

6 2275 9 2142

7 20111. 10 2122

8 22750 11 2123
12 2124

X. Chaeronea. 13 :125
1 250 14 2126

2 258 15 2127

3 251 16 2128
12154 4 252 17 2129
22155 5 253 18 2130
32156 6 254 19 2131
42157 6525350 20 2113
52153 6025304 21 2106
62159 66253173 22 2105
12160 6126360 13 2103
62161 6226311) 14 2116
92162 6925311Ε 25 2116
102163 652530 26 2117
112164 61263711 11 2136
122165 ’ 65253Ῑο 28 2107
132166 61253Ῐο 29 2108
142161 66126394 30 2110
162166 61263916 31 2111
162144 602535 32 2133
112146 66263114 33 2131
162146 6626311] , 34 2134
192147 61253611 35 2120
202148 662530 36 20111.
212149 61256 37 2121
222150 60257 38 2136
232151 7 20111. 39 2141
242152 40 2137
162163 XI· 00r0n021· 41 2136

1294 ’ 42 2139 .

22101 43 2140
3299 44 20111.
12272 42100 44521040
22270 5295 44021045

VIII. Hyettus.

IX. Plataeae.

 

