226 Conspectus.

11 343 u 343 u 343
6524 35 244 31 2341

6328 36 245 32 2342
6629 37 241 33 2344
63210 38 =0m. 34 2346
7 :nummi 39 243 35 2347
- 395248 36 2348
8 2121 393249 37 2349
9 224 40 =nummi 38 2350
10 225 41 2403 39 =351
11 =13 43 =0m. ’4ο 2333
43 =0m. 41 2353
13 215 42 2368
III. Tanagra. 43 =,339
12335 44 2370
22384 45 2371
32336 “43 2343
42337 47 2375
52289 48 2376
62290 49 2377
, 72291 50 2338
82357 51 2379
51523363
52 2386 ¹
112359 53 23363
122354 54 2383

32335 ,

13 2 343 344 2 3333

142 278 -2-
1

10 2 355

15 2 364
16 2 343
17 2 380
18 2 381
19 2 382
20 2 356
21 2 358
22 2 360
23 2 361
24 2 362
25 2 363
26 2 365
27 2 366
28 2 367
29 2 333
30 2 340

55 2387
56 2489
57 2490
58 2491
59 2492
60 2493
61 2494
62 2499
63 2500
64 2487
65 2488
66 :495,⁷sqq‚
6652504
6632505
6662506
6632496

 

