Conspectus

titulorum Meisterianorum („griech. Dialekte“ Ι pp. 204-211)

et nostrorum.

n sm
45 = 327

4553325
25 3307Ιῖ 4503326
26 33035 46 3331α

Ι. Thebae.

13276
. 23277
33304
43279

27 :nummi 47 3319
—- 48 3315

63 281
73 282
63 283
93 294
10 3 293
113284

29 3312 4803317
30 3311 49 3250
31 3313 50 3321
32 3332 51 3322
33 3309 52 3251,1-4
34 3305 53 =om.
35 3316 54 3322α
36 3318 55 =om.
36533135 56 =om.

37 3314
33 :320 11. Orchomenus.

12 3 285
13 3 286
14 3 295
15 3 296
16 3 297
17 3 296
18 3 299

39 3323
40 3324
41 3331
42 3328
43 3329
44 3330

.-.
Η·

19 3 300
20 3 301
21 3 302
22 3 303

1
'5:280 28:310 4sn=333

Φυρωω
2222ss

hatfeld. sylloge inscriptionum Boeoticnrum.

 

